69 90
-1
2 6
29 85
16 68
36 57
-1
31 21
41 23
-1
48 86
44 72
95 37
98 22
70 8
81 13
56 52
-1
87 79
66 85
-1
-1
76 77
32 80
90 79
9 27
99 96
1 95
93 53
61 58
67 85
86 51
23 44
21 93
14 32
-1
85 58
25 89
49 54
91 35
63 87
12 45
20 61
7 55
50 83
60 55
97 59
79 63
94 22
82 14
68 50
39 71
-1
57 70
30 11
78 78
37 57
17 35
65 41
51 99
84 75
-1
62 21
24 53
28 96
71 87
22 27
59 0
43 34
80 98
18 32
19 42
55 53
83 46
42 66
75 37
73 75
77 44
47 40
13 97
58 95
-1
8 14
52 47
45 50
-1
92 56
46 70
34 67
64 28
-1
72 65
33 18
11 95
6 90
35 97
-1
4 65
53 62
10 70
0 73
-1
96 94
5 87
15 35
27 42
40 37
74 22
26 74
89 98
88 28
-1
54 43
38 53
3 46
